10
100777
100781
100791
100817
101537
10192
10217
10246
102560
102639
10338
103950
103966
10402
104218
104351
104450
10466
10477
104914
10504
106084
10631
106322
106566
106582
10668
106767
106770
106914
106917
106961
107085
107185
107203
107410
107434
107444
107455
107493
107515
107543
107612
107730
107738
107805
107830
107841
107842
107843
107902
108157
108171
108175
108185
108327
10841
108413
10847
108529
108531
108561
108564
108674
108687
108707
108768
108968
109162
109174
109175
109176
109219
109247
109260
109272
109290
109292
109392
109425
109435
109701
109752
109764
109805
109923
109997
11023
110244
1104
11044
110444
110477
110480
110482
110492
110496
110554
110562
110581
110614
110636
110800
110847
110848
110851
110912
110914
111102
111108
111145
111146
111192
111240
111276
111281
111291
111304
111389
111425
111500
111557
111891
11199
112078
112152
112165
112200
112402
112417
112609
112631
112655
112656
1127
112725
112758
112789
112828
112898
112943
113029
113056
113069
113160
113214
113241
113256
113332
113368
113369
113382
113402
113441
113506
113606
113653
113695
113703
113857
113870
113887
11394
113952
114042
114242
114273
114304
114313
114339
114374
114375
114387
114525
114528
114562
114608
114623
114641
114646
114651
114655
114660
114737
114751
114801
114817
114869
114873
114876
114886
114894
114895
114896
114921
114952
114995
11503
11518
115372
11538
115388
115565
115575
115586
115617
115698
115728
115737
115797
115873
11593
115935
11597
116053
116074
116090
116131
116231
116234
116259
116260
116277
116286
116387
116411
116416
116424
116436
116444
116549
116573
116597
116613
116687
116693
116732
116824
116847
116865
116881
116934
116948
116971
117152
117155
117157
117193
117221
117244
117267
117397
117401
117444
117445
117456
117460
117464
117472
117540
117553
117558
117582
117584
117593
117654
117684
117692
117702
117710
117731
117741
117744
117761
117771
117797
117807
117821
117822
117825
117831
117833
117858
117869
117897
117898
117907
117912
118072
118105
118126
118144
118250
118255
118307
118327
118365
118395
118421
118468
118477
118519
118548
118567
118570
118602
118630
118656
118708
118713
118771
118772
118810
118835
118837
118841
118874
118889
118893
118937
118944
118948
118990
119006
119053
1191
119105
119161
119176
119184
119188
119212
119322
119377
119476
119488
119492
119520
119550
119680
119766
119768
119773
119786
119813
119830
119949
12
120006
120017
120021
120027
120041
120045
120076
120096
120098
120128
120225
120265
120340
120517
120525
120598
120610
120627
12066
120685
12075
120750
120770
120776
120884
121118
121137
121224
121282
121381
121502
121519
121774
121797
121804
121849
121872
122063
122064
122115
122197
122364
122379
122417
122424
122425
122440
122445
122446
122473
122491
122505
122535
122552
122616
122624
122645
122693
122747
122788
122806
122808
122822
122827
122836
122839
122904
122928
122968
122971
122990
122991
123176
123302
123317
123332
123411
123514
123535
123593
123739
123960
123963
123974
124016
124038
124118
124143
124158
124239
124241
124406
124488
124495
124507
124519
124597
124636
124652
124811
124812
125003
125032
125056
125117
125255
125284
125510
125596
125628
125769
125862
125870
125917
125935
125943
12609
126102
126106
126127
126131
126150
126153
126157
126168
126173
126252
126345
12637
126371
126421
126444
126448
126451
126459
126466
126478
126495
12660
126623
126655
126659
126692
126695
126720
12677
126780
126798
126801
126851
126854
126878
126897
126936
126947
126948
126961
126980
126987
127001
127003
127006
127053
127055
127148
127171
127174
127197
127208
127229
127261
127265
127298
127423
127560
127592
127596
127656
127657
127673
127674
127685
127709
127746
127747
127752
127755
127783
127855
127897
127913
12794
127964
128011
128077
128333
128335
128337
128381
128401
128412
128413
128417
128419
128421
128436
128440
128442
128449
128467
128476
128487
128491
128493
128504
128506
128507
128515
128516
128545
128574
128640
128644
128697
128724
128728
128732
128737
128765
128766
128778
128865
128876
128967
128971
128977
128978
128982
129050
129060
129070
129088
129111
129120
129138
129147
129172
129209
129230
129233
129240
129241
129243
129245
129308
129328
129339
129344
129346
129351
129370
129380
129386
129391
129393
129395
129402
129403
129405
129406
129410
129413
129449
129457
129495
129499
129519
129543
129552
129593
129633
129648
129654
129673
129677
129697
129718
129728
129733
129735
129736
129754
129773
129785
129805
129831
129838
129841
129876
129890
129958
129968
129981
129984
129987
129989
129993
130015
130026
130058
130094
130100
130270
130271
130276
130287
130294
130297
130304
130309
130314
130320
130338
130420
130423
130491
130503
130519
130521
130528
130547
130550
130554
130561
130562
130566
130568
130570
130590
130606
130619
130622
130625
130638
130643
130644
130645
130646
130655
130669
130677
130848
130853
130861
130862
130869
130872
130874
130880
130887
130888
130889
130891
130892
130893
130903
130908
130909
130926
130929
130939
130942
130943
130947
130950
130952
130959
130969
130981
130984
131017
131030
131076
131081
131099
13113
131146
131149
131150
131213
131220
131223
131233
131239
131382
131453
131485
131491
131497
131498
131525
131526
131529
131550
131557
131558
131559
131569
131571
131582
131589
131627
131652
131675
131694
131701
131740
131745
131758
131759
131775
131869
131938
131942
131950
131951
131961
131995
132015
132031
132040
132041
132043
132056
132071
132081
132089
132090
132117
132125
1323
132339
132343
132351
132356
132366
132373
132385
132391
132401
132416
132427
132429
132432
132434
132448
132549
132651
132657
132660
132678
132679
132830
13293
132931
132943
132945
132947
132960
132978
132989
132993
132995
133000
133004
133007
133008
133016
133019
133070
133074
133174
133180
133181
133221
133228
133243
133250
133258
133260
133262
133265
133280
133281
133313
133317
133326
133395
133417
133431
133442
133479
133522
133523
133552
133554
133557
133577
133578
133581
133598
133599
133669
133674
133749
133752
133756
133757
133763
133765
133766
133769
133770
133792
133804
133813
133817
133819
133827
133834
133879
133881
133883
133905
133972
133982
133984
133991
133995
133998
134001
134003
134019
134042
134045
134047
134059
134086
134090
134094
134096
134100
134103
134115
134117
134118
134124
134126
134132
134136
134143
134144
134146
134153
134171
134177
134183
134198
134278
134287
134347
13435
134355
134406
134421
134431
134432
134436
134443
134450
134456
134480
134498
134513
134537
134540
134588
134600
134630
134668
134691
134715
134739
134761
134777
134788
134839
134842
134863
13488
134937
134941
134942
134952
134955
134971
134990
134993
134999
135082
135086
135089
135091
135106
135111
135132
135135
135136
135152
135161
135169
135175
135176
135179
135186
135191
135200
135226
135241
135245
135267
135268
135279
135287
135301
135303
135307
135329
135334
135337
135347
135348
135350
135351
135354
135363
135366
135367
135369
135372
135376
135377
13538
135381
135385
135386
135387
135393
135401
135409
13541
135411
135412
135415
135416
135417
13542
135473
135480
135484
135486
135495
135497
135498
135501
135515
135539
135563
135565
135568
135577
135578
135579
135580
135584
135605
135609
135624
135628
135633
135636
135638
135649
135650
135653
135672
135696
135715
135717
135718
135720
135727
135774
135775
135783
135794
135859
135913
135918
135926
135931
135935
135939
135961
135975
135991
135994
136026
136034
136053
136054
136057
136065
136068
136074
136078
136095
136120
136129
136132
136137
136154
136173
136185
136217
136265
136278
136282
136285
136288
136290
136334
136337
136346
136363
136364
136366
136367
136371
136377
13638
136380
136390
136414
136431
136462
136470
136476
136500
136509
136512
136516
136526
136528
136540
136545
136604
136611
136621
136636
136641
136651
136657
136661
136671
136679
136682
136692
136709
136712
136737
136757
136787
136801
136819
136822
136834
136846
136848
136856
136858
136879
136888
136889
136891
136895
136896
136897
136901
136903
136905
136918
136921
136922
136924
136927
136934
136941
136953
136959
136981
136992
137010
137036
137046
137053
137054
137132
137139
137140
137157
137160
137172
137174
137177
137178
137184
137185
137186
137189
137195
137200
137203
137229
137233
137241
137242
137250
137253
137329
137378
137395
137397
137407
137417
137455
137457
137471
137473
137476
137485
137489
137497
137500
137543
137565
137570
137571
137575
137576
137578
137580
137587
137589
137590
137624
137643
137654
137657
137685
137730
137732
137734
137747
137776
137777
137780
137791
137796
137819
137882
137886
137892
137920
137926
137982
138004
138010
138016
138037
138038
138041
138049
138060
138061
138076
138081
138084
138087
138111
138114
138147
138196
138197
13821
138239
138266
138270
138271
138297
138303
138319
138323
138336
138351
138385
138423
138439
138503
138512
138610
138629
138630
138633
138638
138676
138679
138789
138799
138800
138807
138857
138873
138875
138909
138914
138915
138926
138928
138935
138946
139003
139041
139065
139071
139092
139158
139168
139176
139184
139185
139187
139192
139202
139373
139421
139438
139456
139464
139504
139550
139575
139583
139584
139600
139627
139687
139723
139732
139751
139766
139773
139775
139778
139780
139782
139785
139863
139892
13993
139979
140030
140031
140032
140035
140036
140039
140042
140043
140048
140050
140062
140074
140078
140079
140081
140092
140123
140125
140207
140273
140299
140313
140322
140326
140335
140338
140342
140347
140350
140357
140362
140371
140387
140395
140446
140447
140456
140475
140477
140493
140626
140627
140682
140789
140860
140864
140905
140928
140932
140937
140962
140978
141000
141005
141006
141012
141090
141105
141117
141157
141163
141241
141245
141257
141266
141268
141269
141270
141273
141274
14132
141373
141407
141413
141436
141443
141461
141467
141491
141510
141516
141517
141531
141544
141546
141549
141550
141560
141572
141574
141586
141598
141622
141695
141750
141751
141761
141816
141819
141824
141859
141869
141870
141871
141877
141878
141880
141885
141888
141891
141895
141896
141898
141899
141925
141942
141963
141970
142005
142062
142079
142080
142083
142090
142093
142096
142110
142147
142157
142174
142175
142178
142179
142188
142189
142193
142215
142289
142295
142308
142420
142452
142458
142460
142462
142499
142508
142565
142571
142608
142627
142649
142672
142683
142689
142743
142746
142796
142857
142874
142903
142906
142907
142954
142968
142973
142977
142990
142993
142994
143019
143020
143022
143024
143036
143045
143103
143111
143114
143116
143150
143206
143207
143334
143354
143453
143459
143462
143485
143500
143517
143528
143541
143543
143549
143550
143640
143643
143652
143717
143733
143743
143744
143745
143749
143755
143786
143798
143801
143813
143861
143929
143977
144012
144024
144034
144046
144056
144063
144065
144067
144073
144078
144093
144114
144120
144123
144132
144151
144153
144174
144202
144220
144250
144263
144270
144279
144294
144302
144315
144318
144319
144327
144395
14447
144509
144527
144530
144534
144571
144672
144683
144689
144704
144725
144726
144770
144776
144800
144808
144810
144892
144929
144947
144953
144956
144963
144977
144981
145061
145083
145106
145109
145146
145148
145167
145184
145221
145239
145270
145336
145401
145403
145405
145419
145457
145459
145472
145505
145514
145572
145575
145589
145716
145737
145738
145745
145760
145771
145835
145983
145991
146010
146041
146045
146064
14610
146115
146159
146195
146224
146237
146260
146306
146325
146347
1464
146401
146448
146451
146456
146469
14657
146616
146645
146684
146711
146751
146838
146842
146849
146900
146913
146997
147064
147097
147114
147188
147190
147205
147208
147220
147265
147267
147288
147290
147301
147316
147326
147334
147358
147392
147405
147431
147482
147484
147489
147525
147561
147575
147581
147595
147609
147615
147617
147620
147625
147634
147635
147647
147650
147651
147736
147800
147892
147902
147964
148031
148052
148113
148129
148145
148248
14838
148394
148403
148412
148432
148498
148501
148511
148528
148539
148568
148630
148634
148650
148684
148703
148704
148765
148767
148872
148919
148999
149012
149076
149094
149186
149201
149211
149212
149222
149230
149251
149329
149339
149448
149499
149510
14962
149708
14972
149792
149869
149874
149885
149943
149998
150001
150031
150038
150062
150073
150109
150123
150134
150257
150280
150307
150324
150328
150406
150415
150431
150445
150521
150571
150579
150635
150636
150641
150651
150677
150706
150720
150814
150865
150892
150996
151037
151041
151047
151092
151110
151173
151262
151278
151297
151302
151305
151310
151339
151341
151355
151379
151397
151442
151458
151599
151627
151630
151647
151658
151699
151705
151734
151797
151808
151810
151821
151824
151829
151838
15188
151888
151920
152089
152112
152160
152175
152256
152340
152423
152455
152463
152471
152513
152539
152648
152711
152732
152747
152784
152792
152827
15283
152944
152966
152999
153101
153181
153253
153265
153289
153290
153292
15330
153300
153303
15338
153440
153495
153496
153571
153599
153668
153699
153723
153759
153794
15383
153882
153957
153976
153981
154007
154031
154061
154159
154201
154215
154268
154274
154299
154346
154378
154423
154432
154469
154510
154526
154590
154597
154600
154808
154873
154890
154971
155055
155116
155161
155187
155188
155197
155213
155247
155251
155270
155273
155292
1553
155471
155545
155600
155653
155654
155730
155821
155847
155877
155882
155943
156073
156082
156141
156155
156161
156183
156218
156253
156280
156404
156433
156434
156436
156454
156485
156613
156741
156811
156886
156939
157009
157025
157042
157052
157190
157258
157268
157272
157297
157306
157425
157440
157509
157536
157624
157646
157701
157742
157776
157894
157939
158044
158106
158152
158219
158276
158318
158333
158360
158365
158376
158459
158542
158564
158766
158780
158781
158788
158806
158882
15889
158945
159049
159050
159162
15920
159201
159223
159259
159308
159353
159401
159441
159511
159607
159770
159817
159872
159891
159946
16000
160034
160053
160063
160096
160122
160180
160264
160303
160308
16031
160466
160519
160583
160646
160772
160778
160911
160916
161203
161258
161299
161328
161441
161570
161661
161783
161903
161931
161947
162092
162104
162136
162157
162195
162405
162534
162567
162997
163114
163157
16327
163318
163565
163661
163667
163758
163891
163941
164013
164030
164302
164452
164557
164576
164856
164980
165021
165034
165085
165099
165160
165234
165275
1653
165404
165433
165660
165676
165710
165714
165769
165792
165881
165959
166052
166066
166143
166156
166158
166250
166450
166491
166737
166780
166796
166826
166894
166956
166960
166997
167107
167300
167337
167410
167451
167485
167672
167696
167880
167894
167941
167950
168024
168200
168216
168397
168486
168498
168622
168825
16883
168865
168909
168938
168942
168986
169018
169118
169220
169344
169389
169424
169431
169556
169842
169958
170121
170274
170355
170380
170406
170419
1705
170542
170596
170597
170658
170901
171059
17122
17131
171442
171443
171447
171451
171498
171588
171621
171744
171847
171937
172048
172214
172414
172465
172538
172561
172596
172600
172737
172830
172885
172918
172964
172986
173019
173041
173052
173165
173448
173449
173457
173461
17380
17382
173896
173921
173957
173962
174008
174051
174062
174103
174104
174106
174205
174316
174493
174605
174608
174609
174712
174762
174909
174910
174989
175036
175069
175112
17513
175176
175221
175222
175230
175232
175261
175273
175332
175340
175394
175456
175532
175556
175571
175789
175842
175931
175992
176090
1761
176106
176176
176178
176350
176478
176510
176512
176720
176748
176813
176879
176880
176885
176955
176968
177052
177122
177198
177292
177333
177343
177364
177365
177393
177411
177466
177604
177644
177754
177770
177853
177911
178027
178152
17824
178266
178324
178332
178423
178459
17858
178627
178629
178700
178859
178901
178963
179047
179065
179076
179143
179155
17917
179172
179175
179203
179204
179277
179325
179375
179410
179419
179439
17944
179509
179518
179597
179628
179747
179781
17979
179907
180001
180058
180062
180088
180217
180333
180398
180423
180476
180480
180491
180524
180631
180695
180732
180737
180838
180845
181162
181177
181216
181272
181290
181291
181332
181382
181400
181758
181794
181800
181828
18187
181875
182062
182179
182185
182188
182195
182239
182254
182366
182393
182417
182484
182486
182533
182611
182612
182640
182698
18271
182841
18292
182948
183018
183045
183151
1833
183379
183405
183413
183606
183676
183688
183743
183782
183798
183807
183815
183899
184000
184082
184135
184596
184616
184651
184667
184717
184752
184815
184853
184875
184890
184960
18498
185107
185118
185165
185176
185180
185261
185394
185426
185434
185525
185599
185739
185836
185875
185930
186049
186117
186126
186133
186141
186221
186237
186259
186289
186294
186444
186494
186500
186813
186914
187084
187095
187164
187175
187179
187180
187203
187235
187267
187311
187343
187408
187413
187414
187585
187589
18759
187594
187752
187835
187898
187934
187971
188050
188160
188200
188207
188219
188413
18842
188536
188551
188552
188619
188659
188796
188934
188964
189005
189007
189019
189052
189088
189175
189188
189212
189330
189342
189344
189372
189374
189388
189390
189393
189433
189443
189491
189506
189549
189657
189801
189977
190034
190073
190163
190188
190195
190228
190241
190336
190359
190363
190412
190417
190427
190496
190533
19063
190653
190724
190786
190820
190830
190843
190871
190878
190933
190977
191036
191052
19109
191228
191277
191298
191313
191341
191402
191466
191477
191510
191840
191852
191888
191948
192172
192210
192325
192647
192649
192658
1928
193015
193112
193131
193149
193157
193169
193172
193188
193258
193268
193321
193470
193476
193501
193519
19354
193555
193564
193572
193631
193794
193893
193938
194062
194096
194140
19418
19467
194682
194979
195028
195060
195167
195586
195617
195623
195918
195942
195944
195949
195960
195965
195973
195977
195985
196069
196079
196122
196135
196163
1962
196270
196284
196346
196459
196465
196578
196633
196887
197175
197203
197396
197427
197556
197631
197654
198013
198179
198320
198520
198565
198568
198577
198593
198606
198607
198609
198688
198754
198897
198917
198944
198993
199099
199176
199208
199265
199319
199348
199460
199464
199506
199549
199624
199781
200200
200315
200438
200806
20083
200874
2009
200970
200979
200981
201000
201019
20104
201047
201049
201095
201246
201255
201266
201282
201295
201315
201351
201387
201433
201434
20145
201458
201480
201538
201566
201567
201581
201635
201683
201707
201762
201792
201829
201848
201862
201894
201896
201900
202022
202027
202252
202295
202321
202322
202342
202349
202355
202361
202435
202442
202448
202465
202563
202584
202590
202626
202642
202661
202683
202716
202977
203011
203051
203058
203087
203291
203292
203395
203425
203465
203486
203499
203549
203789
20379
203824
203835
203838
203940
204070
204158
204165
204250
204300
204319
204323
204355
204468
204503
204530
204562
204564
204567
204587
204600
204608
204868
205065
205290
205674
205699
206007
206035
2061
206284
206373
206557
206625
206733
206992
207147
207266
207630
207698
207753
207810
207812
207842
207893
208072
208297
208311
208387
208392
208452
208569
208692
208881
20892
209295
209408
209547
209658
209698
209790
209852
209916
209924
209941
209985
210011
210261
210268
210421
210585
210596
210993
211041
211047
211065
211080
211207
211270
211327
211403
211462
211484
211578
211581
211600
211692
211770
211781
211783
211866
211867
211899
211981
212016
212042
212085
212109
212173
212184
212193
212433
212575
212576
212578
212584
212585
212658
212682
212751
212763
212807
212927
212941
213161
213185
213201
213245
213402
213484
213485
213488
213498
21356
213642
213749
213796
213811
213843
213851
213929
214011
214076
214121
214144
214213
214243
214291
214375
214379
214383
214384
214399
214411
214424
214472
214484
214588
214622
214722
214733
214765
214773
214776
214780
214842
214875
214953
215113
215122
215125
215149
215154
215177
215230
215262
215268
215280
215285
215305
215343
215372
215406
215448
215471
215481
215498
215517
215559
215568
215572
215581
215599
215621
215674
215708
215717
215719
215723
215733
215751
215829
215834
215939
215993
216030
216053
216054
216163
216166
216169
216198
21630
216335
216383
216432
216526
216561
216606
216705
216732
216746
216814
216817
216909
216969
217020
217097
217124
217169
217201
217206
217208
217219
217284
217299
2173
217315
217359
21750
217541
217617
217632
217656
217688
217714
217831
217836
21786
217903
218020
218028
218039
218058
218086
218113
218114
218127
218139
218166
218186
218249
218266
218276
218287
218348
218359
218361
218370
218383
218384
218397
218398
218400
218446
218587
218588
218659
218695
218733
218749
218766
218847
218875
218927
218937
219176
2192
219328
21934
219468
219626
219726
219839
219840
219843
219858
219970
219977
220024
220041
220042
220060
220114
220120
220248
220260
220369
220551
220584
220598
220647
220672
220708
220740
220746
220750
220758
220760
220799
220805
220971
221029
22121
22125
221621
221645
221692
221705
221707
221709
221759
221855
222283
222303
222498
222570
222650
222670
222673
222678
222679
222704
222722
222734
222756
222782
222826
222831
222849
222855
222890
222905
222961
222966
222989
223005
22302
223052
223093
223094
223098
223113
223116
223190
223193
223212
223214
223215
223231
223235
223287
223383
223475
223477
223492
223546
223569
223597
22364
223663
223721
223749
22379
223899
223954
224195
224204
224221
224256
224263
224272
224301
224323
224327
224332
224333
224344
224345
224370
224374
224383
224413
224499
224549
224575
224706
224720
224724
224727
224750
224852
224938
224951
224956
224962
224975
225048
225087
225136
225257
225314
225385
225406
225440
225450
225459
225464
225465
225474
225477
225478
225486
225531
225600
225650
225699
225747
225831
225907
225921
225973
226051
226061
226067
226069
226073
226145
226194
226266
226274
226289
226331
226431
226504
226510
226511
22654
226609
226768
226966
22702
227075
227164
227324
227373
227508
227514
227529
227538
22760
227601
227602
227617
227803
227845
227849
227850
227922
227935
227955
228039
228049
228050
228099
228150
228173
228217
228272
228283
228292
228345
228401
228404
228412
228498
22863
228688
228834
229076
229091
229092
229153
229177
229195
229201
229237
229242
22930
229341
229360
229383
229389
229395
229400
22942
229426
229433
22946
229480
229588
229637
229676
229677
22968
229683
229711
229727
229730
229762
229791
229792
229793
229822
229827
229855
229899
229960
230112
230136
230242
230387
230403
230413
230422
230515
230532
230625
230630
230631
23064
230652
230685
230707
230714
230750
230776
230911
230915
230964
230986
231015
231023
231063
231065
231166
231201
231294
231357
231391
231406
231444
231446
231466
231476
231522
231526
231542
231545
231549
231561
231598
231608
231630
231636
231645
231646
231682
231826
231845
231865
231872
231919
232076
232119
232167
232184
23219
232228
232235
232245
232297
232299
232370
232663
232868
233022
233045
233058
233133
233135
233219
233230
233242
233251
233355
233360
233424
23343
233439
233445
233462
233478
233483
233484
233493
233498
2335
233508
233533
233557
233569
233583
233604
233617
233631
233642
233667
233675
233687
233726
233752
233754
233799
233832
233865
233868
233880
233897
233900
233959
233967
233997
234009
234011
234016
234035
234076
23410
234118
234126
234144
234182
23419
234243
234267
234271
234284
234369
234413
234480
234511
234529
234589
234621
234630
234644
234706
234743
234805
234813
234868
2349
234912
234938
23494
234953
234961
234975
234992
235022
235045
235069
235077
235086
235111
235122
235152
235191
235199
235203
235207
235209
235246
235301
235314
235344
235347
235423
235435
235437
235450
235456
235478
235481
235608
235622
23568
235723
235740
235755
235832
235875
235894
235902
235903
235920
235930
235931
235941
235944
235983
235995
235998
236013
236016
236019
236024
236037
236053
236087
236089
236113
236124
236128
236136
236164
236188
236192
236198
236220
236255
236274
236285
236314
236319
236321
236338
236395
236400
236407
236437
236493
236533
236539
236542
236546
236575
236621
236636
236667
236694
236724
236795
236815
236836
236843
236863
236898
236905
236928
237006
237070
237075
237088
237090
237096
237109
237172
237230
237233
237247
237311
237317
237337
237375
237378
237390
237402
237412
237423
237426
237435
237443
237453
237459
237484
237495
237522
237526
237536
237547
237556
237584
237588
237619
237639
237659
237687
237692
237697
237707
237708
237717
237720
237731
237736
237745
237750
237777
237780
237782
237795
237818
237837
237845
237930
237936
237962
237974
237979
238022
238032
23808
238081
238083
238147
238169
238204
238280
23842
238567
238599
238621
23887
238929
238942
238954
238961
238973
239231
23924
239253
239262
239290
239320
239324
239327
239388
239395
239449
239473
239510
239600
239608
239627
239694
239718
239768
239972
239981
239990
240022
240167
240229
240291
240338
240339
240346
240361
240375
24043
240582
240646
240674
240696
240743
240761
240788
240918
241012
241076
24110
241146
241157
241204
241225
241238
241365
241393
241422
241621
241653
241655
241673
241721
241725
241745
241775
241791
241798
241840
241843
241864
241904
242000
242007
242061
242089
242100
242156
242168
242189
242191
242194
242253
242258
242322
242344
242368
242397
242414
242440
242466
242510
242543
242549
242573
242583
242584
242585
242599
242676
242725
242735
242822
242879
242883
242888
242898
242914
242922
242933
243075
243080
243089
243192
243424
243479
243506
243538
243551
243569
243643
243723
24373
243742
243756
243769
243772
2438
243806
243827
243829
243832
243929
243994
243999
244000
244072
244074
244096
244135
244136
244138
244190
244203
244215
244223
244260
244262
244271
244286
244287
244290
244326
244334
244339
244416
244429
244450
244479
24449
244631
244737
244857
244928
244946
244961
244963
244973
244975
244981
244985
245008
245015
245046
245125
245159
245185
245234
245253
245254
245257
245269
245305
24533
245337
245345
245348
245356
245357
245400
245413
245417
245496
2455
245505
245532
245576
245577
24564
245658
245675
245679
24573
245765
245809
245813
245814
245820
245830
245832
245867
24588
245884
245897
245928
245988
246016
246052
246056
246058
246072
246076
246105
246107
246146
246162
246217
246222
246247
246266
246274
246276
246296
246347
246353
246367
24640
246427
246439
246442
24648
246485
246501
246540
24661
246679
246690
246717
246754
246795
246818
246833
246905
246906
246988
247013
24742
24755
24760
25004
25058
25089
25111
25299
25321
25331
25441
25573
25836
25854
25879
25910
25945
25975
26005
26023
26028
26069
26234
26284
26666
26701
26797
26803
26816
26837
26890
26892
26936
27041
27205
27212
2730
27353
27365
27366
27375
27402
27424
27623
27683
27685
2784
28
28065
28134
28147
28209
28288
28334
28340
284
28469
28571
28629
28642
28698
28725
28735
28791
28795
28799
28873
29174
2929
29339
2953
29685
29757
2977
29868
3000
30047
30174
30256
30329
30402
30569
30582
30632
30727
30794
30841
30874
30896
3094
31245
31696
31740
31743
31772
31871
31911
32055
32246
3227
32445
32518
32520
32526
32714
32793
32938
32944
3305
33054
3307
3319
33289
33296
33411
33461
33565
33566
33579
33582
33832
34122
34147
34268
34532
34558
34571
34584
34604
34655
3479
3480
34859
34870
35099
35115
35116
35187
35189
355
35604
35637
35647
35727
35851
36
36025
36044
36086
36193
36204
36226
36485
36624
36686
36695
36700
36721
36773
36896
37006
37011
37064
37096
37191
37201
37207
37479
37707
37735
37827
37926
3816
38214
38249
38313
38331
38351
38391
38410
38451
38540
38578
38797
38839
38861
38908
39072
39173
39183
39253
39627
39659
39688
39696
39721
39727
39796
39882
39970
40013
40082
40142
40448
40753
40827
4086
40981
41513
41582
41605
41609
41697
41782
4183
42025
42070
42078
42177
422
42261
42882
43060
43228
43338
43425
43582
43712
43927
44061
44065
44241
44733
45151
45595
45747
46032
463
46680
46729
46735
47116
47273
47801
4794
47982
48152
48393
4841
48498
4901
49683
49687
49902
50079
50096
50241
50250
50454
50476
50581
50594
5079
50987
50995
51253
51293
51375
5151
51642
51771
5202
52020
52249
52279
52323
52415
5252
52862
53179
5345
5373
53971
53994
54281
54297
54581
54801
54806
54840
54848
54881
54995
55044
5516
55168
55174
55215
55255
55386
56130
56138
56264
56290
56322
56852
56863
56944
57207
5722
57451
57786
5785
58403
5872
58769
58851
58925
58950
59222
59270
59775
59788
59827
59851
59879
59954
59983
60013
60044
60136
60407
6059
60673
60678
60742
61405
61467
61609
61620
61744
6186
61866
62212
62277
62431
62601
62640
62753
62776
63331
63372
63409
63541
63811
63838
64338
6435
648
6511
6583
6634
66535
66621
67373
6763
67814
6786
6813
68226
6825
68410
6845
6876
68933
69082
6941
6956
69943
70010
70178
7144
716
71664
71899
72472
72575
73327
7365
74453
7452
74629
7478
7490
74931
75607
76299
76396
76817
77018
77034
7711
77490
77503
7772
77769
7778
78033
78050
78353
78607
7878
78941
79281
8009
80108
80382
80417
8084
80865
809
80980
81266
81348
81433
81452
81534
8195
82039
82084
82154
82157
8250
8367
8394
84255
85094
8548
85530
85903
86049
861
86104
86171
86663
86981
88121
88836
89047
89562
90336
905
9063
90784
9089
91
91050
91082
91122
91392
91535
91545
9159
9180
91957
92248
9261
92894
93494
93798
93970
94124
9425
94253
9440
94506
94888
9489
95282
95335
9559
96383
96449
96603
96660
96665
96831
96860
9720
9747
9751
98409
98772
9891
99270
9934
